-0.76,-0.29,-0.63,-1.43,-1.13,0.52,1.21,-5.0,-0.66
-1.3,0.81,-1.9,0.28,0.16,0.79,-0.39,-4.0,-0.35
-1.49,-0.19,1.02,-1.61,1.2,-1.97,1.42,3.0,0.84
0.16,-1.81,0.7,1.96,1.12,-1.38,-0.9,-2.0
1.76,-0.89,1.25,-0.41,0.57,1.95,0.36,-4.0
-0.58,0.49,0.27,0.94,0.42,0.14,-1.55,3
-1.7,-0.53,0.76,-1.78,-1.01,0.76,-0.46,-4.0
0.43,1.1,-1.72,0.54,-1.53,-0.6,1.69,-1.0
0.67,-1.94,-1.29,0.23,-1.75,0.55,-0.8,-6.0
-0.92,0.62,0.69,-0.95,0.72,1.46,-0.27,-9.0,0.15
1.34,0.45,-1.9,-0.44,-0.91,0.41,0.02,-4.0
1.16,-1.17,-1.93,-1.22,-1.13,-0.82,0.97,-2.0
0.17,0.89,0.2,1.31,1.03,-1.86,-1.28,7.0
1.63,-1.64,0.04,1.25,-0.77,-1.09,-1.11,7.0
1.88,1.66,-0.9,0.97,-1.03,0.83,-0.76,10
-0.18,1.6,-1.15,-1.67,1.29,0.32,-0.95,-6.0
1.57,1.41,1.2,0.81,-1.15,1.11,0.84,-3.0
1.09,1.83,-0.76,1.37,-1.72,-0.97,1.46,4.0
1.02,0.97,1.18,1.38,1.3,-0.45,1.73,-1.0
-1.11,-1.01,-0.48,0.72,-0.49,-0.11,-1.83,-5.0,1.61,-1.18,-1.98,-1.73,1.97,0.47,-1.03,1.92,-1.15,-1.64,-0.68,0.59
-0.32,-0.72,0.07,-1.13,-1.09,-1.63,-1.32,2.0,-1.61,1.92,-0.53,-0.94,0.84,1.95,1.63,-0.52,0.43,-2.0,-1.14,1.01
0.13,0.17,0.93,0.48,-0.51,-0.98,0.07,-10.0,0.84,1.84,-0.07,0.76,-0.25,-0.2,-1.81,-0.63,-0.11,1.33,-1.35,-0.83
-0.5,0.72,-1.02,-1.13,1.44,0.35,-0.36,8,1.77,0.76,-0.99,-1.28,-0.43,0.66,1.18,-0.03,-0.07,1.63,0.63,0.49
-1.22,1.36,1.68,1.96,-0.68,0.46,0.5,1,0.44,0.45,-0.86,-0.67,0.02,-1.72,0.84,0.02,0.35,-1.01,1.41,-0.36
1.11,-0.24,1.24,0.65,-0.51,-1.15,1.02,-10.0,-0.52,-1.23,-0.96,-0.8,0.31,-1.37,-1.27,-1.98,-0.47,0.59,1.13,-1.52
0.35,1.81,0.18,1.51,-0.88,-1.52,1.81,4,-0.88,0.27,-0.55,0.46,-0.25,-1.71,-0.19,-0.48,-0.28,-0.38,0.12,-0.76
-1.53,0.25,0.48,0.63,1.48,1.57,1.45,-2.0,0.36,1.11,-1.32,-0.57,-1.37,-0.55,0.78,1.04,-1.69,0.86,1.84,-1.37
0.53,-1.62,-1.8,0.33,-1.26,-1.44,-1.32,8.0
1.82,-1.34,0.04,-0.58,-0.49,0.57,-0.57,0.0
1.01,-0.38,-0.73,1.56,-0.28,-0.05,-1.83,-5.0
-1.46,0.82,-1.02,0.07,-0.49,1.2,1.74,-2.0
-1.77,-0.68,-0.84,-0.84,1.06,-1.31,0.39,4.0